# 
# Keywords:
# 
opti conj conp nosymmetry qok  
# 
# Options:
# 
cell
   0.549544   0.560657   0.757906  90.000000  90.000000  91.961270
fractional  1   
Mg    core 0.9817999 0.0816999 0.2500000 2.00000000 1.00000 0.00000             
Mg    core 0.5587077 0.8730240 0.7499999 2.00000000 1.00000 0.00000             
Mg    core 0.4452848 0.3712186 0.2500000 2.00000000 1.00000 0.00000             
Mg    core 0.0591686 0.6317811 0.7499999 2.00000000 1.00000 0.00000             
Mg    core 0.0606586 0.8673078 0.7500000 2.00000000 1.00000 0.00000             
Mg    core 0.4538964 0.1454248 0.2499999 2.00000000 1.00000 0.00000             
Mg    core 0.5603047 0.6351825 0.7499999 2.00000000 1.00000 0.00000             
Mg    core 0.9400011 0.3190839 0.2500000 2.00000000 1.00000 0.00000             
Mg    core 0.5641620 0.6336458 0.2500000 2.00000000 1.00000 0.00000             
Mg    core 0.9405262 0.3640564 0.7499999 2.00000000 1.00000 0.00000             
Mg    core 0.0569391 0.8108908 0.2499999 2.00000000 1.00000 0.00000             
Mg    core 0.4415636 0.1325731 0.7499999 2.00000000 1.00000 0.00000             
Mg    core 0.4400096 0.3595142 0.7500000 2.00000000 1.00000 0.00000             
Mg    core 0.0458205 0.5768840 0.2500000 2.00000000 1.00000 0.00000             
Mg    core 0.9389103 0.1369673 0.7499999 2.00000000 1.00000 0.00000             
Mg    core 0.5562860 0.8545420 0.2499999 2.00000000 1.00000 0.00000             
Si    core 0.9995250 0.4925237 0.4966301 4.00000000 1.00000 0.00000             
Si    core 0.4999817 0.5046665 0.9869789 4.00000000 1.00000 0.00000             
Si    core 0.4996937 0.9953290 0.9806071 4.00000000 1.00000 0.00000             
Si    core 0.0002367 0.0103277 0.5406207 4.00000000 1.00000 0.00000             
Si    core 0.9995250 0.4925237 0.0033698 4.00000000 1.00000 0.00000             
Si    core 0.4999817 0.5046665 0.5130210 4.00000000 1.00000 0.00000             
Si    core 0.4996937 0.9953290 0.5193928 4.00000000 1.00000 0.00000             
Si    core 0.0002367 0.0103277 0.9593792 4.00000000 1.00000 0.00000             
O     core 0.3931000 0.9755000 0.2500000 0.00000000 1.00000 0.00000             
O     core 0.1068999 0.0244999 0.7500000 0.00000000 1.00000 0.00000             
O     core 0.8931000 0.5244999 0.2500000 0.00000000 1.00000 0.00000             
O     core 0.6068999 0.4755000 0.7500000 0.00000000 1.00000 0.00000             
O     core 0.6068999 0.0244999 0.7500000 0.00000000 1.00000 0.00000             
O     core 0.8931000 0.9755000 0.2500000 0.00000000 1.00000 0.00000             
O     core 0.1068999 0.4755000 0.7500000 0.00000000 1.00000 0.00000             
O     core 0.3931000 0.5244999 0.2500000 0.00000000 1.00000 0.00000             
O     core 0.1068999 0.4755000 0.2500000 0.00000000 1.00000 0.00000             
O     core 0.3931000 0.5244999 0.7500000 0.00000000 1.00000 0.00000             
O     core 0.6068999 0.0244999 0.2500000 0.00000000 1.00000 0.00000             
O     core 0.8931000 0.9755000 0.7500000 0.00000000 1.00000 0.00000             
O     core 0.8931000 0.5244999 0.7500000 0.00000000 1.00000 0.00000             
O     core 0.6068999 0.4755000 0.2500000 0.00000000 1.00000 0.00000             
O     core 0.3931000 0.9755000 0.7500000 0.00000000 1.00000 0.00000             
O     core 0.1068999 0.0244999 0.2500000 0.00000000 1.00000 0.00000             
O     core 0.3117000 0.6938999 0.5621000 0.00000000 1.00000 0.00000             
O     core 0.1882999 0.3061000 0.0621000 0.00000000 1.00000 0.00000             
O     core 0.8117000 0.8061000 0.9378999 0.00000000 1.00000 0.00000             
O     core 0.6882999 0.1938999 0.4378999 0.00000000 1.00000 0.00000             
O     core 0.6882999 0.3061000 0.4378999 0.00000000 1.00000 0.00000             
O     core 0.8117000 0.6938999 0.9378999 0.00000000 1.00000 0.00000             
O     core 0.1882999 0.1938999 0.0621000 0.00000000 1.00000 0.00000             
O     core 0.3117000 0.8061000 0.5621000 0.00000000 1.00000 0.00000             
O     core 0.1882999 0.1938999 0.9379000 0.00000000 1.00000 0.00000             
O     core 0.3117000 0.8061000 0.4379000 0.00000000 1.00000 0.00000             
O     core 0.6882999 0.3061000 0.5620999 0.00000000 1.00000 0.00000             
O     core 0.8117000 0.6938999 0.0620999 0.00000000 1.00000 0.00000             
O     core 0.8117000 0.8061000 0.0620999 0.00000000 1.00000 0.00000             
O     core 0.6882999 0.1938999 0.5620999 0.00000000 1.00000 0.00000             
O     core 0.3117000 0.6938999 0.4379000 0.00000000 1.00000 0.00000             
O     core 0.1882999 0.3061000 0.9379000 0.00000000 1.00000 0.00000             
O     core 0.6882999 0.3061000 0.0620999 0.00000000 1.00000 0.00000             
O     core 0.8117000 0.6938999 0.5620999 0.00000000 1.00000 0.00000             
O     core 0.1882999 0.1938999 0.4379000 0.00000000 1.00000 0.00000             
O     core 0.3117000 0.8061000 0.9379000 0.00000000 1.00000 0.00000             
O     core 0.3117000 0.6938999 0.9379000 0.00000000 1.00000 0.00000             
O     core 0.1882999 0.3061000 0.4379000 0.00000000 1.00000 0.00000             
O     core 0.8117000 0.8061000 0.5620999 0.00000000 1.00000 0.00000             
O     core 0.6882999 0.1938999 0.0620999 0.00000000 1.00000 0.00000             
O     core 0.8117000 0.8061000 0.4379000 0.00000000 1.00000 0.00000             
O     core 0.6882999 0.1938999 0.9379000 0.00000000 1.00000 0.00000             
O     core 0.3117000 0.6938999 0.0620999 0.00000000 1.00000 0.00000             
O     core 0.1882999 0.3061000 0.5620999 0.00000000 1.00000 0.00000             
O     core 0.1882999 0.1938999 0.5620999 0.00000000 1.00000 0.00000             
O     core 0.3117000 0.8061000 0.0620999 0.00000000 1.00000 0.00000             
O     core 0.6882999 0.3061000 0.9379000 0.00000000 1.00000 0.00000             
O     core 0.8117000 0.6938999 0.4379000 0.00000000 1.00000 0.00000             
O     shel 0.3931000 0.9755000 0.2500000 0.00000000 1.00000 0.00000             
O     shel 0.1068999 0.0244999 0.7500000 0.00000000 1.00000 0.00000             
O     shel 0.8931000 0.5244999 0.2500000 0.00000000 1.00000 0.00000             
O     shel 0.6068999 0.4755000 0.7500000 0.00000000 1.00000 0.00000             
O     shel 0.6068999 0.0244999 0.7500000 0.00000000 1.00000 0.00000             
O     shel 0.8931000 0.9755000 0.2500000 0.00000000 1.00000 0.00000             
O     shel 0.1068999 0.4755000 0.7500000 0.00000000 1.00000 0.00000             
O     shel 0.3931000 0.5244999 0.2500000 0.00000000 1.00000 0.00000             
O     shel 0.1068999 0.4755000 0.2500000 0.00000000 1.00000 0.00000             
O     shel 0.3931000 0.5244999 0.7500000 0.00000000 1.00000 0.00000             
O     shel 0.6068999 0.0244999 0.2500000 0.00000000 1.00000 0.00000             
O     shel 0.8931000 0.9755000 0.7500000 0.00000000 1.00000 0.00000             
O     shel 0.8931000 0.5244999 0.7500000 0.00000000 1.00000 0.00000             
O     shel 0.6068999 0.4755000 0.2500000 0.00000000 1.00000 0.00000             
O     shel 0.3931000 0.9755000 0.7500000 0.00000000 1.00000 0.00000             
O     shel 0.1068999 0.0244999 0.2500000 0.00000000 1.00000 0.00000             
O     shel 0.3117000 0.6938999 0.5621000 0.00000000 1.00000 0.00000             
O     shel 0.1882999 0.3061000 0.0621000 0.00000000 1.00000 0.00000             
O     shel 0.8117000 0.8061000 0.9378999 0.00000000 1.00000 0.00000             
O     shel 0.6882999 0.1938999 0.4378999 0.00000000 1.00000 0.00000             
O     shel 0.6882999 0.3061000 0.4378999 0.00000000 1.00000 0.00000             
O     shel 0.8117000 0.6938999 0.9378999 0.00000000 1.00000 0.00000             
O     shel 0.1882999 0.1938999 0.0621000 0.00000000 1.00000 0.00000             
O     shel 0.3117000 0.8061000 0.5621000 0.00000000 1.00000 0.00000             
O     shel 0.1882999 0.1938999 0.9379000 0.00000000 1.00000 0.00000             
O     shel 0.3117000 0.8061000 0.4379000 0.00000000 1.00000 0.00000             
O     shel 0.6882999 0.3061000 0.5620999 0.00000000 1.00000 0.00000             
O     shel 0.8117000 0.6938999 0.0620999 0.00000000 1.00000 0.00000             
O     shel 0.8117000 0.8061000 0.0620999 0.00000000 1.00000 0.00000             
O     shel 0.6882999 0.1938999 0.5620999 0.00000000 1.00000 0.00000             
O     shel 0.3117000 0.6938999 0.4379000 0.00000000 1.00000 0.00000             
O     shel 0.1882999 0.3061000 0.9379000 0.00000000 1.00000 0.00000             
O     shel 0.6882999 0.3061000 0.0620999 0.00000000 1.00000 0.00000             
O     shel 0.8117000 0.6938999 0.5620999 0.00000000 1.00000 0.00000             
O     shel 0.1882999 0.1938999 0.4379000 0.00000000 1.00000 0.00000             
O     shel 0.3117000 0.8061000 0.9379000 0.00000000 1.00000 0.00000             
O     shel 0.3117000 0.6938999 0.9379000 0.00000000 1.00000 0.00000             
O     shel 0.1882999 0.3061000 0.4379000 0.00000000 1.00000 0.00000             
O     shel 0.8117000 0.8061000 0.5620999 0.00000000 1.00000 0.00000             
O     shel 0.6882999 0.1938999 0.0620999 0.00000000 1.00000 0.00000             
O     shel 0.8117000 0.8061000 0.4379000 0.00000000 1.00000 0.00000             
O     shel 0.6882999 0.1938999 0.9379000 0.00000000 1.00000 0.00000             
O     shel 0.3117000 0.6938999 0.0620999 0.00000000 1.00000 0.00000             
O     shel 0.1882999 0.3061000 0.5620999 0.00000000 1.00000 0.00000             
O     shel 0.1882999 0.1938999 0.5620999 0.00000000 1.00000 0.00000             
O     shel 0.3117000 0.8061000 0.0620999 0.00000000 1.00000 0.00000             
O     shel 0.6882999 0.3061000 0.9379000 0.00000000 1.00000 0.00000             
O     shel 0.8117000 0.6938999 0.4379000 0.00000000 1.00000 0.00000             
totalenergy        -16280.6033584863 eV
species   2
Mg     core    2.000000                  
Si     core    4.000000                  
maxcyc opt      500
maxcyc fit      500
switch_min bfgs  gnorm     0.500000
dump every      1 gulpopt                                                     
